+0.00 -68.2 -89.9 0.00884 0.01238 
+180.00 -68.1 -90.0 0.00897 0.01279 
+180.00 +111.80 -90.0 0.00879 0.01243 
+180.00 +153.70 -90.0 0.00886 0.01216 
+180.00 +111.80 -90.0 0.00858 0.01205 
+0.00 -68.2 -89.9 0.00895 0.01262 
+0.00 -68.2 -89.9 0.00893 0.01263 
+180.00 -68.2 -90.0 0.00876 0.01239 
+0.00 -68.2 -89.9 0.00857 0.01169 
+180.00 -68.3 -90.0 0.00863 0.01183 
+180.00 -68.4 -90.0 0.00851 0.01143 
+0.00 -68.2 -89.9 0.00854 0.01159 
+0.00 -118.0 -40.0 0.02177 0.02443 
+0.00 -178.5 -18.0 0.02716 0.02951 
+0.00 -33.7 -26.4 0.03767 0.04021 
+0.00 +38.00 -34.4 0.00949 0.01343 
+0.00 +65.00 -22.7 0.0103 0.01417 
+0.00 -101.0 -25.4 0.00902 0.01266 
+0.00 +112.80 -18.2 0.00895 0.01183 
+0.00 +15.50 -18.2 0.00882 0.01239 
+0.00 -19.0 -18.2 0.0089 0.01252 
+0.00 -53.6 -18.2 0.00911 0.01192 
+0.00 -85.9 -18.2 0.00897 0.01217 
+0.00 -120.4 -18.2 0.00905 0.01255 
+0.00 -149.8 -18.2 0.00903 0.01215 
+0.00 -169.0 -18.2 0.00887 0.01178 
+0.00 -163.4 -18.2 0.009 0.01202 
+0.00 +107.50 -12.0 0.00903 0.01315 
+0.00 +118.10 -12.0 0.00901 0.0129 
+0.00 +134.80 -12.0 0.00938 0.01275 
+0.00 +149.80 -12.0 0.00948 0.01259 
+0.00 +164.30 -12.0 0.00953 0.01284 
+0.00 +178.90 -12.0 0.00948 0.01271 
+0.00 -166.7 -12.0 0.0094 0.01278 
+0.00 -152.2 -12.0 0.00934 0.01261 
+0.00 -138.1 -12.0 0.00937 0.01261 
+0.00 -126.1 -12.0 0.00947 0.01298 
