C:\diplomka\TriDvory2007\DJI_20230720093607_0042_D.JPG 50.0362564166667 15.2522924166667 277.887 
C:\diplomka\TriDvory2007\DJI_20230720093734_0081_D.JPG 50.0362444722222 15.2525592222222 277.871 
C:\diplomka\TriDvory2007\DJI_20230720093812_0098_D.JPG 50.0363362777778 15.25243 277.849 
C:\diplomka\TriDvory2007\DJI_20230720093815_0099_D.JPG 50.0363433611111 15.2524011111111 277.887 
C:\diplomka\TriDvory2007\DJI_20230720093824_0103_D.JPG 50.0363738333333 15.2522848888889 277.853 
C:\diplomka\TriDvory2007\DJI_20230720093841_0111_D.JPG 50.0364341944444 15.2520518888889 277.879 
C:\diplomka\TriDvory2007\DJI_20230720093853_0116_D.JPG 50.03647225 15.2519065833333 277.873 
C:\diplomka\TriDvory2007\DJI_20230720093917_0127_D.JPG 50.0365008333333 15.2520185277778 277.855 
C:\diplomka\TriDvory2007\DJI_20230720093951_0142_D.JPG 50.03638825 15.2524542777778 277.872 
C:\diplomka\TriDvory2007\DJI_20230720094013_0152_D.JPG 50.0363126944444 15.2527442222222 277.857 
C:\diplomka\TriDvory2007\DJI_20230720094045_0166_D.JPG 50.03632925 15.2529005 277.909 
C:\diplomka\TriDvory2007\DJI_20230720094100_0173_D.JPG 50.0363829166667 15.2526959444444 277.894 
C:\diplomka\TriDvory2007\DJI_20230720094136_0189_D.JPG 50.0365038611111 15.2522293888889 277.875 
C:\diplomka\TriDvory2007\DJI_20230720094221_0209_D.JPG 50.0366481666667 15.2518919444444 277.864 
C:\diplomka\TriDvory2007\DJI_20230720094333_0241_D.JPG 50.0364066666667 15.2528272222222 277.861 
C:\diplomka\TriDvory2007\DJI_20230720094400_0253_D.JPG 50.0363181111111 15.2531773055556 277.883 
C:\diplomka\TriDvory2007\DJI_20230720094511_0285_D.JPG 50.0365900555556 15.2523405833333 277.879 
C:\diplomka\TriDvory2007\DJI_20230720094516_0287_D.JPG 50.0366056388889 15.2522836666667 277.876 
C:\diplomka\TriDvory2007\DJI_20230720094527_0292_D.JPG 50.0366431111111 15.2521380555556 277.886 
C:\diplomka\TriDvory2007\DJI_20230720094529_0293_D.JPG 50.0366504722222 15.2521084166667 277.878 
C:\diplomka\TriDvory2007\DJI_20230720094534_0295_D.JPG 50.0366655555556 15.2520499722222 277.857 
C:\diplomka\TriDvory2007\DJI_20230720094616_0314_D.JPG 50.0366189722222 15.2524585 277.871 
C:\diplomka\TriDvory2007\DJI_20230720094706_0336_D.JPG 50.0364513888889 15.2531013611111 277.871 
C:\diplomka\TriDvory2007\DJI_20230720094719_0342_D.JPG 50.0365115 15.2530873888889 277.912 
C:\diplomka\TriDvory2007\DJI_20230720094804_0362_D.JPG 50.0366693333333 15.2524842222222 277.872 
C:\diplomka\TriDvory2007\DJI_20230720094911_0392_D.JPG 50.0366237777778 15.2528885555556 277.856 
C:\diplomka\TriDvory2007\DJI_20230720094936_0403_D.JPG 50.0366380833333 15.2530420833333 277.882 
C:\diplomka\TriDvory2007\DJI_20230720095332_0015_D.JPG 50.0368159444444 15.2527345277778 276.336 
C:\diplomka\TriDvory2007\DJI_20230720095343_0020_D.JPG 50.0368560277778 15.2525341666667 276.348 
C:\diplomka\TriDvory2007\DJI_20230720095352_0024_D.JPG 50.03681175 15.2523258333333 276.177 
C:\diplomka\TriDvory2007\DJI_20230720095357_0026_D.JPG 50.0367883611111 15.2522558888889 276.169 
C:\diplomka\TriDvory2007\DJI_20230720100512_0036_D.JPG 50.0364499722222 15.25250675 262.17 
C:\diplomka\TriDvory2007\DJI_20230720100859_0094_D.JPG 50.03644375 15.2523229444444 265.044 
C:\diplomka\TriDvory2007\DJI_20230720100959_0106_D.JPG 50.0364790833333 15.2526165833333 265.479 
C:\diplomka\TriDvory2007\DJI_20230720101028_0119_D.JPG 50.0364795833333 15.2526171111111 265.544 
C:\diplomka\TriDvory2007\DJI_20230720101127_0128_D.JPG 50.0368302777778 15.2522626666667 265.497 
