D:\skola\diplomka\TriDvory2007-20230731T071121Z-001\TriDvory2007\DJI_20230720093600_0039_D.JPG 50 2 10.4392 15 15 8.5705 277.883
D:\skola\diplomka\TriDvory2007-20230731T071121Z-001\TriDvory2007\DJI_20230720093710_0070_D.JPG 50 2 10.7799 15 15 8.0601 277.837
D:\skola\diplomka\TriDvory2007-20230731T071121Z-001\TriDvory2007\DJI_20230720093801_0093_D.JPG 50 2 10.6744 15 15 9.2759 277.918
D:\skola\diplomka\TriDvory2007-20230731T071121Z-001\TriDvory2007\DJI_20230720093859_0119_D.JPG 50 2 11.4301 15 15 6.5996 277.877
D:\skola\diplomka\TriDvory2007-20230731T071121Z-001\TriDvory2007\DJI_20230720094051_0169_D.JPG 50 2 10.8723 15 15 10.1233 277.876
D:\skola\diplomka\TriDvory2007-20230731T071121Z-001\TriDvory2007\DJI_20230720094156_0198_D.JPG 50 2 11.659 15 15 7.0846 277.867
D:\skola\diplomka\TriDvory2007-20230731T071121Z-001\TriDvory2007\DJI_20230720094208_0203_D.JPG 50 2 11.7946 15 15 6.5606 277.867
D:\skola\diplomka\TriDvory2007-20230731T071121Z-001\TriDvory2007\DJI_20230720094315_0233_D.JPG 50 2 11.2862 15 15 9.3327 277.858
D:\skola\diplomka\TriDvory2007-20230731T071121Z-001\TriDvory2007\DJI_20230720094529_0293_D.JPG 50 2 11.9417 15 15 7.5903 277.878
D:\skola\diplomka\TriDvory2007-20230731T071121Z-001\TriDvory2007\DJI_20230720094630_0320_D.JPG 50 2 11.664 15 15 9.4761 277.867
D:\skola\diplomka\TriDvory2007-20230731T071121Z-001\TriDvory2007\DJI_20230720094704_0335_D.JPG 50 2 11.2544 15 15 11.0603 277.863
D:\skola\diplomka\TriDvory2007-20230731T071121Z-001\TriDvory2007\DJI_20230720094757_0359_D.JPG 50 2 11.9291 15 15 9.2581 277.868
D:\skola\diplomka\TriDvory2007-20230731T071121Z-001\TriDvory2007\DJI_20230720095517_0044_D.JPG 50 2 12.3485 15 15 7.082 266.782
D:\skola\diplomka\TriDvory2007-20230731T071121Z-001\TriDvory2007\DJI_20230720095610_0059_D.JPG 50 2 12.269 15 15 7.8229 260.027
D:\skola\diplomka\TriDvory2007-20230731T071121Z-001\TriDvory2007\DJI_20230720095749_0082_D.JPG 50 2 11.3756 15 15 8.4492 259.865
D:\skola\diplomka\TriDvory2007-20230731T071121Z-001\TriDvory2007\DJI_20230720100408_0020_D.JPG 50 2 10.0398 15 15 7.8352 258.942
D:\skola\diplomka\TriDvory2007-20230731T071121Z-001\TriDvory2007\DJI_20230720100606_0052_D.JPG 50 2 11.3322 15 15 9.3656 261.902
D:\skola\diplomka\TriDvory2007-20230731T071121Z-001\TriDvory2007\DJI_20230720100853_0091_D.JPG 50 2 11.201 15 15 8.3683 265.003
D:\skola\diplomka\TriDvory2007-20230731T071121Z-001\TriDvory2007\DJI_20230720101005_0109_D.JPG 50 2 11.3273 15 15 9.4221 265.532
D:\skola\diplomka\TriDvory2007-20230731T071121Z-001\TriDvory2007\DJI_20230720101012_0112_D.JPG 50 2 11.3351 15 15 9.4181 265.484
D:\skola\diplomka\TriDvory2007-20230731T071121Z-001\TriDvory2007\DJI_20230720101014_0113_D.JPG 50 2 11.335 15 15 9.4164 265.503
D:\skola\diplomka\TriDvory2007-20230731T071121Z-001\TriDvory2007\DJI_20230720101016_0114_D.JPG 50 2 11.3331 15 15 9.4156 265.513
D:\skola\diplomka\TriDvory2007-20230731T071121Z-001\TriDvory2007\DJI_20230720101019_0115_D.JPG 50 2 11.3309 15 15 9.412 265.537
D:\skola\diplomka\TriDvory2007-20230731T071121Z-001\TriDvory2007\DJI_20230720101021_0116_D.JPG 50 2 11.3277 15 15 9.4107 265.556
D:\skola\diplomka\TriDvory2007-20230731T071121Z-001\TriDvory2007\DJI_20230720101023_0117_D.JPG 50 2 11.3277 15 15 9.4126 265.568
D:\skola\diplomka\TriDvory2007-20230731T071121Z-001\TriDvory2007\DJI_20230720101025_0118_D.JPG 50 2 11.3273 15 15 9.419 265.552
D:\skola\diplomka\TriDvory2007-20230731T071121Z-001\TriDvory2007\DJI_20230720101028_0119_D.JPG 50 2 11.3265 15 15 9.4216 265.544
D:\skola\diplomka\TriDvory2007-20230731T071121Z-001\TriDvory2007\DJI_20230720101110_0120_D.JPG 50 2 12.5945 15 15 8.1606 265.316
D:\skola\diplomka\TriDvory2007-20230731T071121Z-001\TriDvory2007\DJI_20230720101112_0121_D.JPG 50 2 12.5937 15 15 8.16 265.379
D:\skola\diplomka\TriDvory2007-20230731T071121Z-001\TriDvory2007\DJI_20230720101114_0122_D.JPG 50 2 12.5919 15 15 8.1542 265.388
D:\skola\diplomka\TriDvory2007-20230731T071121Z-001\TriDvory2007\DJI_20230720101116_0123_D.JPG 50 2 12.5921 15 15 8.1556 265.352
D:\skola\diplomka\TriDvory2007-20230731T071121Z-001\TriDvory2007\DJI_20230720101118_0124_D.JPG 50 2 12.5912 15 15 8.1566 265.319
D:\skola\diplomka\TriDvory2007-20230731T071121Z-001\TriDvory2007\DJI_20230720101121_0125_D.JPG 50 2 12.5897 15 15 8.1541 265.342
D:\skola\diplomka\TriDvory2007-20230731T071121Z-001\TriDvory2007\DJI_20230720101123_0126_D.JPG 50 2 12.5888 15 15 8.1521 265.368
D:\skola\diplomka\TriDvory2007-20230731T071121Z-001\TriDvory2007\DJI_20230720101125_0127_D.JPG 50 2 12.5881 15 15 8.1492 265.426
D:\skola\diplomka\TriDvory2007-20230731T071121Z-001\TriDvory2007\DJI_20230720101127_0128_D.JPG 50 2 12.589 15 15 8.1456 265.497
D:\skola\diplomka\TriDvory2007-20230731T071121Z-001\TriDvory2007\DJI_20230720101130_0129_D.JPG 50 2 12.5888 15 15 8.1465 265.527
