DJI_20230720093600_0039_D.JPG -684560.978 -1056447.577 233.638 +0.00 -68.2 -89.9 0.00884 0.01238  
DJI_20230720093710_0070_D.JPG -684569.735 -1056435.862 233.592 +180.00 -68.1 -90.0 0.00897 0.01279  
DJI_20230720093801_0093_D.JPG -684546.142 -1056442.128 233.673 +180.00 +111.80 -90.0 0.00879 0.01243  
DJI_20230720093859_0119_D.JPG -684596.051 -1056412.29 233.632 +180.00 +153.70 -90.0 0.00886 0.01216  
DJI_20230720094051_0169_D.JPG -684528.646 -1056438.175 233.631 +180.00 +111.80 -90.0 0.00858 0.01205  
DJI_20230720094156_0198_D.JPG -684585.59 -1056406.484 233.622 +0.00 -68.2 -89.9 0.00895 0.01262  
DJI_20230720094208_0203_D.JPG -684595.409 -1056401.02 233.622 +0.00 -68.2 -89.9 0.00893 0.01263  
DJI_20230720094315_0233_D.JPG -684542.651 -1056423.517 233.613 +180.00 -68.2 -90.0 0.00876 0.01239  
DJI_20230720094529_0293_D.JPG -684574.511 -1056399.08 233.633 +0.00 -68.2 -89.9 0.00857 0.01169  
DJI_20230720094630_0320_D.JPG -684538.357 -1056412.295 233.622 +180.00 -68.3 -90.0 0.00863 0.01183  
DJI_20230720094704_0335_D.JPG -684508.668 -1056428.8 233.618 +180.00 -68.4 -90.0 0.00851 0.01143  
DJI_20230720094757_0359_D.JPG -684541.635 -1056403.626 233.623 +0.00 -68.2 -89.9 0.00854 0.01159  
DJI_20230720095517_0044_D.JPG -684582.971 -1056385.343 222.538 +0.00 -118.0 -40.0 0.02177 0.02443  
DJI_20230720095610_0059_D.JPG -684568.652 -1056389.628 215.783 +0.00 -178.5 -18.0 0.02716 0.02951  
DJI_20230720095749_0082_D.JPG -684559.747 -1056418.573 215.62 +0.00 -33.7 -26.4 0.03767 0.04021  
DJI_20230720100408_0020_D.JPG -684577.041 -1056457.985 214.697 +0.00 +38.00 -34.4 0.00949 0.01343  
DJI_20230720100606_0052_D.JPG -684541.823 -1056422.189 217.657 +0.00 +65.00 -22.7 0.0103 0.01417  
DJI_20230720100853_0091_D.JPG -684562.02 -1056423.723 220.758 +0.00 -101.0 -25.4 0.00902 0.01266  
DJI_20230720101005_0109_D.JPG -684540.727 -1056422.48 221.287 +0.00 +112.80 -18.2 0.00895 0.01183  
DJI_20230720101012_0112_D.JPG -684540.776 -1056422.231 221.239 +0.00 +15.50 -18.2 0.00882 0.01239  
DJI_20230720101014_0113_D.JPG -684540.81 -1056422.23 221.258 +0.00 -19.0 -18.2 0.0089 0.01252  
DJI_20230720101016_0114_D.JPG -684540.833 -1056422.286 221.268 +0.00 -53.6 -18.2 0.00911 0.01192  
DJI_20230720101019_0115_D.JPG -684540.913 -1056422.345 221.292 +0.00 -85.9 -18.2 0.00897 0.01217  
DJI_20230720101021_0116_D.JPG -684540.951 -1056422.439 221.311 +0.00 -120.4 -18.2 0.00905 0.01255  
DJI_20230720101023_0117_D.JPG -684540.913 -1056422.444 221.323 +0.00 -149.8 -18.2 0.00903 0.01215  
DJI_20230720101025_0118_D.JPG -684540.788 -1056422.472 221.307 +0.00 -169.0 -18.2 0.00887 0.01178  
DJI_20230720101028_0119_D.JPG -684540.74 -1056422.503 221.299 +0.00 -163.4 -18.2 0.009 0.01202  
DJI_20230720101110_0120_D.JPG -684560.725 -1056380.493 221.072 +0.00 +107.50 -12.0 0.00903 0.01315  
DJI_20230720101112_0121_D.JPG -684560.74 -1056380.516 221.135 +0.00 +118.10 -12.0 0.00901 0.0129  
DJI_20230720101114_0122_D.JPG -684560.861 -1056380.557 221.144 +0.00 +134.80 -12.0 0.00938 0.01275  
DJI_20230720101116_0123_D.JPG -684560.833 -1056380.554 221.108 +0.00 +149.80 -12.0 0.00948 0.01259  
DJI_20230720101118_0124_D.JPG -684560.816 -1056380.584 221.075 +0.00 +164.30 -12.0 0.00953 0.01284  
DJI_20230720101121_0125_D.JPG -684560.872 -1056380.624 221.098 +0.00 +178.90 -12.0 0.00948 0.01271  
DJI_20230720101123_0126_D.JPG -684560.914 -1056380.647 221.124 +0.00 -166.7 -12.0 0.0094 0.01278  
DJI_20230720101125_0127_D.JPG -684560.974 -1056380.661 221.182 +0.00 -152.2 -12.0 0.00934 0.01261  
DJI_20230720101127_0128_D.JPG -684561.042 -1056380.624 221.253 +0.00 -138.1 -12.0 0.00937 0.01261  
DJI_20230720101130_0129_D.JPG -684561.025 -1056380.633 221.283 +0.00 -126.1 -12.0 0.00947 0.01298  
