DJI_20230720093600_0039_D.JPG	-684560.978 -1056447.577 233.638		
DJI_20230720093710_0070_D.JPG	-684569.735 -1056435.862 233.592		
DJI_20230720093801_0093_D.JPG	-684546.142 -1056442.128 233.673		
DJI_20230720093859_0119_D.JPG	-684596.051 -1056412.29 233.632		
DJI_20230720094051_0169_D.JPG	-684528.646 -1056438.175 233.631		
DJI_20230720094156_0198_D.JPG	-684585.59 -1056406.484 233.622		
DJI_20230720094208_0203_D.JPG	-684595.409 -1056401.02 233.622		
DJI_20230720094315_0233_D.JPG	-684542.651 -1056423.517 233.613		
DJI_20230720094529_0293_D.JPG	-684574.511 -1056399.08 233.633		
DJI_20230720094630_0320_D.JPG	-684538.357 -1056412.295 233.622		
DJI_20230720094704_0335_D.JPG	-684508.668 -1056428.8 233.618		
DJI_20230720094757_0359_D.JPG	-684541.635 -1056403.626 233.623		
DJI_20230720095517_0044_D.JPG	-684582.971 -1056385.343 222.538		
DJI_20230720095610_0059_D.JPG	-684568.652 -1056389.628 215.783		
DJI_20230720095749_0082_D.JPG	-684559.747 -1056418.573 215.62		
DJI_20230720100408_0020_D.JPG	-684577.041 -1056457.985 214.697		
DJI_20230720100606_0052_D.JPG	-684541.823 -1056422.189 217.657		
DJI_20230720100853_0091_D.JPG	-684562.02 -1056423.723 220.758		
DJI_20230720101005_0109_D.JPG	-684540.727 -1056422.48 221.287		
DJI_20230720101012_0112_D.JPG	-684540.776 -1056422.231 221.239		
DJI_20230720101014_0113_D.JPG	-684540.81 -1056422.23 221.258		
DJI_20230720101016_0114_D.JPG	-684540.833 -1056422.286 221.268		
DJI_20230720101019_0115_D.JPG	-684540.913 -1056422.345 221.292		
DJI_20230720101021_0116_D.JPG	-684540.951 -1056422.439 221.311		
DJI_20230720101023_0117_D.JPG	-684540.913 -1056422.444 221.323		
DJI_20230720101025_0118_D.JPG	-684540.788 -1056422.472 221.307		
DJI_20230720101028_0119_D.JPG	-684540.74 -1056422.503 221.299		
DJI_20230720101110_0120_D.JPG	-684560.725 -1056380.493 221.072		
DJI_20230720101112_0121_D.JPG	-684560.74 -1056380.516 221.135		
DJI_20230720101114_0122_D.JPG	-684560.861 -1056380.557 221.144		
DJI_20230720101116_0123_D.JPG	-684560.833 -1056380.554 221.108		
DJI_20230720101118_0124_D.JPG	-684560.816 -1056380.584 221.075		
DJI_20230720101121_0125_D.JPG	-684560.872 -1056380.624 221.098		
DJI_20230720101123_0126_D.JPG	-684560.914 -1056380.647 221.124		
DJI_20230720101125_0127_D.JPG	-684560.974 -1056380.661 221.182		
DJI_20230720101127_0128_D.JPG	-684561.042 -1056380.624 221.253		
DJI_20230720101130_0129_D.JPG	-684561.025 -1056380.633 221.283		
