D:\skola\diplomka\TriDvory2007-20230731T071121Z-001\TriDvory2007\DJI_20230720093600_0039_D.JPG 50.0362331111111 15.2523806944444 277.883 
D:\skola\diplomka\TriDvory2007-20230731T071121Z-001\TriDvory2007\DJI_20230720093710_0070_D.JPG 50.03632775 15.2522389166667 277.837 
D:\skola\diplomka\TriDvory2007-20230731T071121Z-001\TriDvory2007\DJI_20230720093801_0093_D.JPG 50.0362984444444 15.2525766388889 277.918 
D:\skola\diplomka\TriDvory2007-20230731T071121Z-001\TriDvory2007\DJI_20230720093859_0119_D.JPG 50.0365083611111 15.2518332222222 277.877 
D:\skola\diplomka\TriDvory2007-20230731T071121Z-001\TriDvory2007\DJI_20230720094051_0169_D.JPG 50.0363534166667 15.2528120277778 277.876 
D:\skola\diplomka\TriDvory2007-20230731T071121Z-001\TriDvory2007\DJI_20230720094156_0198_D.JPG 50.0365719444444 15.2519679444444 277.867 
D:\skola\diplomka\TriDvory2007-20230731T071121Z-001\TriDvory2007\DJI_20230720094208_0203_D.JPG 50.0366096111111 15.2518223888889 277.867 
D:\skola\diplomka\TriDvory2007-20230731T071121Z-001\TriDvory2007\DJI_20230720094315_0233_D.JPG 50.0364683888889 15.2525924166667 277.858 
D:\skola\diplomka\TriDvory2007-20230731T071121Z-001\TriDvory2007\DJI_20230720094529_0293_D.JPG 50.0366504722222 15.2521084166667 277.878 
D:\skola\diplomka\TriDvory2007-20230731T071121Z-001\TriDvory2007\DJI_20230720094630_0320_D.JPG 50.0365733333333 15.25263225 277.867 
D:\skola\diplomka\TriDvory2007-20230731T071121Z-001\TriDvory2007\DJI_20230720094704_0335_D.JPG 50.0364595555556 15.2530723055556 277.863 
D:\skola\diplomka\TriDvory2007-20230731T071121Z-001\TriDvory2007\DJI_20230720094757_0359_D.JPG 50.0366469722222 15.2525716944444 277.868 
D:\skola\diplomka\TriDvory2007-20230731T071121Z-001\TriDvory2007\DJI_20230720095517_0044_D.JPG 50.0367634722222 15.2519672222222 266.782 
D:\skola\diplomka\TriDvory2007-20230731T071121Z-001\TriDvory2007\DJI_20230720095610_0059_D.JPG 50.0367413888889 15.2521730277778 260.027 
D:\skola\diplomka\TriDvory2007-20230731T071121Z-001\TriDvory2007\DJI_20230720095749_0082_D.JPG 50.0364932222222 15.252347 259.865 
D:\skola\diplomka\TriDvory2007-20230731T071121Z-001\TriDvory2007\DJI_20230720100408_0020_D.JPG 50.0361221666667 15.2521764444444 258.942 
D:\skola\diplomka\TriDvory2007-20230731T071121Z-001\TriDvory2007\DJI_20230720100606_0052_D.JPG 50.0364811666667 15.2526015555556 261.902 
D:\skola\diplomka\TriDvory2007-20230731T071121Z-001\TriDvory2007\DJI_20230720100853_0091_D.JPG 50.0364447222222 15.2523245277778 265.003 
D:\skola\diplomka\TriDvory2007-20230731T071121Z-001\TriDvory2007\DJI_20230720101005_0109_D.JPG 50.0364798055556 15.25261725 265.532 
D:\skola\diplomka\TriDvory2007-20230731T071121Z-001\TriDvory2007\DJI_20230720101012_0112_D.JPG 50.0364819722222 15.2526161388889 265.484 
D:\skola\diplomka\TriDvory2007-20230731T071121Z-001\TriDvory2007\DJI_20230720101014_0113_D.JPG 50.0364819444444 15.2526156666667 265.503 
D:\skola\diplomka\TriDvory2007-20230731T071121Z-001\TriDvory2007\DJI_20230720101016_0114_D.JPG 50.0364814166667 15.2526154444444 265.513 
D:\skola\diplomka\TriDvory2007-20230731T071121Z-001\TriDvory2007\DJI_20230720101019_0115_D.JPG 50.0364808055556 15.2526144444444 265.537 
D:\skola\diplomka\TriDvory2007-20230731T071121Z-001\TriDvory2007\DJI_20230720101021_0116_D.JPG 50.0364799166667 15.2526140833333 265.556 
D:\skola\diplomka\TriDvory2007-20230731T071121Z-001\TriDvory2007\DJI_20230720101023_0117_D.JPG 50.0364799166667 15.2526146111111 265.568 
D:\skola\diplomka\TriDvory2007-20230731T071121Z-001\TriDvory2007\DJI_20230720101025_0118_D.JPG 50.0364798055556 15.2526163888889 265.552 
D:\skola\diplomka\TriDvory2007-20230731T071121Z-001\TriDvory2007\DJI_20230720101028_0119_D.JPG 50.0364795833333 15.2526171111111 265.544 
D:\skola\diplomka\TriDvory2007-20230731T071121Z-001\TriDvory2007\DJI_20230720101110_0120_D.JPG 50.0368318055556 15.2522668333333 265.316 
D:\skola\diplomka\TriDvory2007-20230731T071121Z-001\TriDvory2007\DJI_20230720101112_0121_D.JPG 50.0368315833333 15.2522666666667 265.379 
D:\skola\diplomka\TriDvory2007-20230731T071121Z-001\TriDvory2007\DJI_20230720101114_0122_D.JPG 50.0368310833333 15.2522650555556 265.388 
D:\skola\diplomka\TriDvory2007-20230731T071121Z-001\TriDvory2007\DJI_20230720101116_0123_D.JPG 50.0368311388889 15.2522654444444 265.352 
D:\skola\diplomka\TriDvory2007-20230731T071121Z-001\TriDvory2007\DJI_20230720101118_0124_D.JPG 50.0368308888889 15.2522657222222 265.319 
D:\skola\diplomka\TriDvory2007-20230731T071121Z-001\TriDvory2007\DJI_20230720101121_0125_D.JPG 50.0368304722222 15.2522650277778 265.342 
D:\skola\diplomka\TriDvory2007-20230731T071121Z-001\TriDvory2007\DJI_20230720101123_0126_D.JPG 50.0368302222222 15.2522644722222 265.368 
D:\skola\diplomka\TriDvory2007-20230731T071121Z-001\TriDvory2007\DJI_20230720101125_0127_D.JPG 50.0368300277778 15.2522636666667 265.426 
D:\skola\diplomka\TriDvory2007-20230731T071121Z-001\TriDvory2007\DJI_20230720101127_0128_D.JPG 50.0368302777778 15.2522626666667 265.497 
D:\skola\diplomka\TriDvory2007-20230731T071121Z-001\TriDvory2007\DJI_20230720101130_0129_D.JPG 50.0368302222222 15.2522629166667 265.527 
